# Wavefront OBJ file generated by LithUnwrap
# num_vertices: 258
# num_vertex_normals: 258
# num_uvs: 1110
# num_faces: 370
# num_groups: 4

mtllib wv cabin 01.mtl

v -18.906000 23.754999 -18.905001
v -0.001000 34.408001 -18.906000
v -0.001000 34.408001 18.905001
v -18.906000 23.754999 18.906000
v 18.905001 23.754999 -18.905001
v 18.905001 23.754999 18.906000
v -18.490000 23.017000 -18.905001
v -0.001000 33.561001 -18.906000
v -0.001000 33.561001 18.905001
v -18.490000 23.017000 18.906000
v 18.489000 23.017000 -18.905001
v 18.489000 23.017000 18.906000
v 17.170000 16.915001 -15.361000
v 17.170000 16.915001 7.379000
v 17.245001 17.270000 -15.362000
v 17.245001 17.270000 7.378000
v 34.448002 13.241000 -15.362000
v 34.448002 13.241000 7.379000
v 34.523998 13.597000 -15.362000
v 34.523998 13.597000 7.378000
v -4.318000 0.008200 16.719000
v -4.318000 0.008400 18.166000
v -4.318000 15.853000 16.719000
v -4.318000 15.853000 18.166000
v 4.314000 0.008200 16.719000
v 4.314000 0.008400 18.166000
v 4.314000 15.853000 16.719000
v 4.314000 15.853000 18.166000
v -17.708000 6.749000 -11.431000
v -17.708000 6.748400 -8.567100
v -17.708000 15.034000 -11.431000
v -17.708000 15.034000 -8.567100
v -17.086000 6.747300 -11.431000
v -17.086000 6.746700 -8.567100
v -17.086000 15.032000 -11.431000
v -17.086000 15.032000 -8.567100
v -17.694000 6.749000 -8.487900
v -17.694000 6.748400 -5.623800
v -17.694000 15.034000 -8.487900
v -17.694000 15.033000 -5.623800
v -17.072001 6.747200 -8.487900
v -17.072001 6.746600 -5.623800
v -17.072001 15.032000 -8.487900
v -17.072001 15.032000 -5.623800
v -17.708000 6.749200 5.633900
v -17.708000 6.748600 8.498000
v -17.708000 15.034000 5.633900
v -17.708000 15.034000 8.498000
v -17.086000 6.747400 5.633900
v -17.086000 6.746800 8.498000
v -17.086000 15.033000 5.633900
v -17.086000 15.032000 8.498000
v -17.694000 6.749100 8.577100
v -17.694000 6.748500 11.441000
v -17.694000 15.034000 8.577100
v -17.694000 15.034000 11.441000
v -17.072001 6.747400 8.577100
v -17.072001 6.746800 11.441000
v -17.072001 15.032000 8.577100
v -17.072001 15.032000 11.441000
v -16.778000 15.320000 -12.107000
v -16.778000 6.439600 -12.107000
v -18.148001 15.320000 -12.108000
v -18.149000 6.439600 -12.107000
v -16.778999 15.320000 -11.374000
v -16.778999 6.439700 -11.374000
v -18.150000 15.320000 -11.375000
v -18.150000 6.439800 -11.374000
v -18.059000 5.331100 4.819700
v -18.059000 5.331100 12.305000
v -18.059999 6.702000 4.819700
v -18.059999 6.702000 12.305000
v -16.867001 5.332100 4.819700
v -16.867001 5.332100 12.305000
v -16.868000 6.702900 4.819700
v -16.868000 6.702900 12.305000
v -18.059999 15.082000 4.819700
v -18.059999 15.082000 12.305000
v -18.059999 16.452000 4.819700
v -18.059999 16.452000 12.305000
v -16.868000 15.082000 4.819700
v -16.868000 15.082000 12.305000
v -16.868000 16.452999 4.819700
v -16.868000 16.452999 12.305000
v -16.777000 15.320000 -5.612800
v -16.777000 6.439600 -5.612500
v -18.148001 15.320000 -5.613400
v -18.148001 6.439600 -5.613200
v -16.778000 15.320000 -4.879600
v -16.778000 6.439700 -4.879400
v -18.149000 15.320000 -4.880300
v -18.149000 6.439700 -4.880000
v -18.058001 5.331300 -12.229000
v -18.058001 5.331300 -4.744300
v -18.059000 6.702100 -12.229000
v -18.059000 6.702100 -4.744300
v -16.865999 5.332200 -12.229000
v -16.865999 5.332200 -4.744300
v -16.867001 6.703100 -12.229000
v -16.867001 6.703100 -4.744300
v -18.059000 15.082000 -12.229000
v -18.059000 15.082000 -4.744300
v -18.059000 16.452999 -12.229000
v -18.059000 16.452999 -4.744300
v -16.867001 15.083000 -12.229000
v -16.867001 15.083000 -4.744300
v -16.867001 16.454000 -12.229000
v -16.867001 16.454000 -4.744300
v -16.778999 15.320000 4.926800
v -16.778999 6.439800 4.927000
v -18.150000 15.320000 4.926200
v -18.150000 6.439800 4.926400
v -16.780001 15.320000 5.659900
v -16.780001 6.439900 5.660200
v -18.150999 15.320000 5.659300
v -18.150999 6.439900 5.659500
v -16.778000 15.320000 11.421000
v -16.778000 6.439700 11.421000
v -18.149000 15.320000 11.420000
v -18.149000 6.439700 11.421000
v -16.778999 15.320000 12.154000
v -16.780001 6.439800 12.155000
v -18.150000 15.320000 12.154000
v -18.150000 6.439900 12.154000
v 31.691000 12.995000 5.912600
v 32.417999 12.993000 5.912600
v 31.691000 13.654000 5.912600
v 32.417999 13.652000 5.912600
v 31.691000 12.995000 -13.595000
v 32.417999 12.993000 -13.594000
v 31.691000 13.654000 -13.595000
v 32.417999 13.652000 -13.594000
v 18.162001 23.249001 16.378000
v 18.160999 23.247999 18.514999
v 16.707001 24.070999 16.377001
v 16.707001 24.070999 18.514000
v 18.160999 -6.145500 16.378000
v 18.160999 -6.145500 18.514999
v 16.705999 -6.145500 16.378000
v 16.705999 -6.145500 18.514999
v 16.434000 16.580000 4.734400
v 16.433001 16.577999 5.460700
v 16.570999 17.225000 4.734400
v 16.570000 17.223000 5.460700
v 33.379002 12.952000 4.734300
v 33.377998 12.950000 5.460500
v 33.515999 13.596000 4.734300
v 33.514999 13.594000 5.460500
v 16.434000 16.579000 -13.168000
v 16.433001 16.577000 -12.441000
v 16.570999 17.224001 -13.168000
v 16.570000 17.222000 -12.441000
v 33.379002 12.951000 -13.168000
v 33.377998 12.949000 -12.442000
v 33.515999 13.595000 -13.168000
v 33.514999 13.593000 -12.442000
v 32.402000 -6.223200 4.775900
v 32.403999 -6.223200 5.502100
v 31.743000 -6.223200 4.775900
v 31.745001 -6.223200 5.502100
v 32.402000 13.681000 4.775300
v 32.403999 13.680000 5.501600
v 31.743000 13.681000 4.775300
v 31.745001 13.680000 5.501600
v 32.401001 -6.223200 -13.149000
v 32.403000 -6.223200 -12.423000
v 31.742001 -6.223200 -13.149000
v 31.743999 -6.223200 -12.423000
v 32.401001 13.681000 -13.149000
v 32.403000 13.680000 -12.423000
v 31.742001 13.681000 -13.149000
v 31.743999 13.680000 -12.423000
v -18.160999 23.275999 16.379000
v -18.160999 23.275999 18.514999
v -16.705999 24.084999 16.379000
v -16.705999 24.084999 18.516001
v -18.160999 -6.145500 16.378000
v -18.160999 -6.145500 18.514999
v -16.705999 -6.145500 16.378000
v -16.705999 -6.145500 18.514999
v -18.183001 23.275999 -18.528000
v -18.183001 23.275999 -16.392000
v -16.728001 24.084999 -18.528000
v -16.728001 24.084999 -16.391001
v -18.183001 -6.145500 -18.528999
v -18.183001 -6.145500 -16.392000
v -16.728001 -6.145500 -18.528999
v -16.728001 -6.145500 -16.392000
v 18.184000 23.249001 -18.528999
v 18.183001 23.247999 -16.392000
v 16.729000 24.070999 -18.530001
v 16.729000 24.070999 -16.393000
v 18.183001 -6.145500 -18.528999
v 18.183001 -6.145500 -16.392000
v 16.728001 -6.145500 -18.528999
v 16.728001 -6.145500 -16.392000
v -17.452000 0.000000 -17.452000
v -17.452000 0.047270 17.458000
v -17.452000 24.166000 -17.452000
v -17.452000 24.166000 17.458000
v -0.000250 33.999001 -17.452999
v -0.000250 33.999001 17.451000
v 17.452000 0.000000 -17.452000
v 17.452000 0.000000 17.452000
v 17.452000 24.166000 -17.452000
v 17.452000 24.166000 17.452000
v -17.452999 6.046000 -12.019000
v -17.452999 15.717000 -12.020000
v -17.452000 6.046000 -5.031800
v -17.452000 15.714000 -5.011400
v -17.452000 0.000000 -0.073620
v -17.452000 24.166000 -0.063070
v -17.452000 15.737000 5.020600
v -17.452000 5.950200 5.020600
v -17.452000 5.946600 12.040000
v -17.452000 15.733000 12.040000
v 31.684000 13.084000 -9.845100
v 32.222000 13.083000 -9.843700
v 31.684000 13.545000 -10.316000
v 32.222000 13.544000 -10.315000
v 31.684000 10.370000 -12.504000
v 32.222000 10.369000 -12.502000
v 31.684000 10.831000 -12.975000
v 32.222000 10.830000 -12.973000
v 31.802999 10.412000 4.959100
v 32.314999 10.410000 4.957700
v 31.802999 10.887000 5.415300
v 32.314999 10.886000 5.413900
v 31.804001 13.042000 2.216800
v 32.314999 13.039000 2.216000
v 31.804001 13.517000 2.672900
v 32.314999 13.515000 2.672200
v 17.452000 -0.026480 -17.452000
v 17.452000 -0.026480 17.452000
v -17.452000 0.020790 17.458000
v -17.452000 -0.026480 -17.452000
v -17.452000 -0.026480 -0.073580
v -5.000000 -6.120800 17.466400
v -5.000000 -0.007000 17.466499
v 5.000000 -6.120800 17.466400
v 5.000000 -0.007000 17.466499
v -5.000000 -6.120800 22.266399
v 5.000000 -6.120800 22.266399
v -5.000000 -4.007000 20.666500
v 5.000000 -4.007000 20.666500
v -5.000000 -4.007000 22.266500
v 5.000000 -4.007000 22.266500
v -5.000000 -2.007000 19.066500
v 5.000000 -2.007000 19.066500
v -5.000000 -2.007000 20.666500
v 5.000000 -2.007000 20.666500
v -5.000000 -0.007000 19.066500
v 5.000000 -0.007000 19.066500
v 17.450001 -6.138800 -17.452000
v 17.445999 -6.138800 17.455999
v -17.458000 -6.091600 17.469999
v -17.452000 -6.138800 -17.452000
v -17.454000 -6.138800 -0.065340
# num_vertices: 258

vn -0.911741 -0.045282 -0.408261
vn -0.122471 0.651935 -0.748319
vn 0.122435 0.651946 0.748316
vn -0.617658 0.417147 0.666698
vn 0.617691 0.417128 -0.666680
vn 0.911735 -0.045260 0.408277
vn 0.039895 -0.743626 -0.667405
vn -0.123685 -0.650765 -0.749137
vn 0.123721 -0.650754 0.749141
vn -0.509876 -0.756834 0.408936
vn 0.509898 -0.756828 -0.408920
vn -0.039944 -0.743621 0.667407
vn -0.684386 -0.446318 -0.576555
vn -0.790762 -0.513399 0.333342
vn -0.583503 0.463222 -0.667046
vn -0.186960 0.722111 0.666034
vn 0.186972 -0.722007 -0.666144
vn 0.583282 -0.463630 0.666955
vn 0.790897 0.513114 -0.333461
vn 0.684574 0.445472 0.576986
vn -0.707107 -0.707107 0.000098
vn -0.666646 -0.666646 0.333415
vn -0.894427 0.447214 0.000000
vn -0.333333 0.666667 0.666667
vn 0.447214 -0.894427 0.000124
vn 0.666646 -0.333323 0.666692
vn 0.707107 0.707107 0.000000
vn 0.577350 0.577350 0.577350
vn -0.578361 -0.576783 -0.576906
vn -0.667709 -0.665887 0.332805
vn -0.666071 0.333570 -0.667144
vn -0.331426 0.667140 0.667144
vn 0.331682 -0.667007 -0.667150
vn 0.666191 -0.333550 0.667033
vn 0.667857 0.665712 -0.332858
vn 0.578587 0.576729 0.576732
vn -0.578423 -0.576751 -0.576875
vn -0.667769 -0.665839 0.332781
vn -0.666122 0.333596 -0.667079
vn -0.331877 0.666970 0.667089
vn 0.331586 -0.667031 -0.667173
vn 0.666162 -0.333562 0.667057
vn 0.667586 0.665977 -0.332873
vn 0.577969 0.577040 0.577041
vn -0.578423 -0.576751 -0.576875
vn -0.667769 -0.665839 0.332781
vn -0.666369 0.333452 -0.666905
vn -0.331877 0.666970 0.667089
vn 0.331586 -0.667031 -0.667173
vn 0.666162 -0.333562 0.667057
vn 0.667586 0.665977 -0.332873
vn 0.578520 0.576662 0.576867
vn -0.578361 -0.576783 -0.576906
vn -0.667709 -0.665887 0.332805
vn -0.666071 0.333570 -0.667144
vn -0.331426 0.667140 0.667144
vn 0.331682 -0.667007 -0.667150
vn 0.666191 -0.333550 0.667033
vn 0.667857 0.665712 -0.332858
vn 0.578587 0.576729 0.576732
vn 0.577893 0.577472 -0.576685
vn 0.667217 -0.333525 -0.666020
vn -0.332914 0.666317 -0.667225
vn -0.666406 -0.666384 -0.334418
vn 0.666329 0.666573 0.334195
vn 0.332972 -0.666443 0.667071
vn -0.667390 0.333649 0.665784
vn -0.577610 -0.577503 0.576938
vn -0.576887 -0.577792 -0.577371
vn -0.666140 -0.667185 0.333350
vn -0.666914 0.332845 -0.666663
vn -0.333835 0.666420 0.666663
vn 0.333884 -0.666407 -0.666650
vn 0.666930 -0.332839 0.666650
vn 0.666171 0.667160 -0.333337
vn 0.576919 0.577776 0.577355
vn -0.577350 -0.577350 -0.577350
vn -0.666667 -0.666667 0.333333
vn -0.666822 0.333271 -0.666542
vn -0.333830 0.666542 0.666542
vn 0.333333 -0.666667 -0.666667
vn 0.666667 -0.333333 0.666667
vn 0.666356 0.666915 -0.333458
vn 0.577027 0.577512 0.577512
vn 0.577787 0.577515 -0.576748
vn 0.667262 -0.333492 -0.665992
vn -0.332955 0.666525 -0.666998
vn -0.666387 -0.666565 -0.334096
vn 0.666366 0.666545 0.334177
vn 0.332935 -0.666484 0.667048
vn -0.667242 0.333482 0.666017
vn -0.577761 -0.577489 0.576800
vn -0.576919 -0.577776 -0.577355
vn -0.666171 -0.667160 0.333337
vn -0.666930 0.332839 -0.666650
vn -0.333885 0.666407 0.666650
vn 0.333835 -0.666419 -0.666663
vn 0.666915 -0.332844 0.666663
vn 0.666139 0.667186 -0.333349
vn 0.576886 0.577793 0.577371
vn -0.577027 -0.577512 -0.577512
vn -0.666356 -0.666915 0.333458
vn -0.666822 0.333271 -0.666542
vn -0.333831 0.666542 0.666542
vn 0.333831 -0.666542 -0.666542
vn 0.666822 -0.333271 0.666542
vn 0.666355 0.666916 -0.333458
vn 0.577027 0.577512 0.577512
vn 0.577785 0.577520 -0.576744
vn 0.667250 -0.333494 -0.666002
vn -0.332976 0.666521 -0.666991
vn -0.666400 -0.666554 -0.334091
vn 0.666378 0.666535 0.334172
vn 0.332935 -0.666484 0.667049
vn -0.667242 0.333482 0.666017
vn -0.577787 -0.577480 0.576784
vn 0.577893 0.577472 -0.576685
vn 0.667410 -0.333659 -0.665759
vn -0.333025 0.666498 -0.666989
vn -0.666491 -0.666505 -0.334006
vn 0.666362 0.666364 0.334545
vn 0.332862 -0.666262 0.667306
vn -0.667197 0.333515 0.666045
vn -0.577869 -0.577406 0.576776
vn -0.578408 -0.576819 0.576822
vn 0.331702 -0.667072 0.667075
vn -0.666157 0.333536 0.667075
vn 0.667685 0.665851 0.332927
vn -0.667431 -0.666054 -0.333028
vn 0.666668 -0.333332 -0.666666
vn -0.330885 0.667275 -0.667277
vn 0.578936 0.576555 -0.576556
vn 0.707515 -0.000024 -0.706698
vn 0.894282 -0.000015 0.447504
vn -0.446968 0.000000 -0.894550
vn -0.707228 0.000035 0.706985
vn 0.707311 -0.000024 -0.706903
vn 0.446968 0.000015 0.894550
vn -0.894427 0.000015 -0.447214
vn -0.707107 0.000047 0.707107
vn -0.684399 -0.443801 -0.578480
vn -0.791776 -0.513437 0.330867
vn -0.582721 0.464774 -0.666649
vn -0.186298 0.720577 0.667879
vn 0.186302 -0.720628 -0.667822
vn 0.582649 -0.464945 0.666593
vn 0.791862 0.513281 -0.330904
vn 0.684454 0.443652 0.578528
vn -0.684398 -0.443803 -0.578479
vn -0.791769 -0.513445 0.330871
vn -0.582718 0.464774 -0.666651
vn -0.186270 0.720578 0.667885
vn 0.186305 -0.720628 -0.667821
vn 0.582667 -0.464942 0.666579
vn 0.791862 0.513280 -0.330904
vn 0.684470 0.443640 0.578520
vn 0.576813 -0.576833 -0.578403
vn 0.667076 -0.667070 0.331703
vn -0.333532 -0.667086 -0.666147
vn -0.665853 -0.332911 0.667690
vn 0.666058 0.333010 -0.667436
vn 0.333329 0.666676 0.666660
vn -0.667280 0.667272 -0.330885
vn -0.576549 0.576565 0.578933
vn 0.576819 -0.576821 -0.578409
vn 0.667072 -0.667075 0.331701
vn -0.333536 -0.667075 -0.666157
vn -0.665850 -0.332926 0.667686
vn 0.666054 0.333028 -0.667432
vn 0.333332 0.666667 0.666667
vn -0.667276 0.667278 -0.330883
vn -0.576554 0.576556 0.578937
vn -0.707113 0.000024 -0.707100
vn -0.894489 0.000000 0.447090
vn 0.447207 0.000030 -0.894431
vn 0.706985 -0.000012 0.707228
vn -0.707110 0.000024 -0.707103
vn -0.447460 -0.000015 0.894304
vn 0.894427 0.000015 -0.447214
vn 0.707107 -0.000023 0.707107
vn -0.707113 0.000024 -0.707100
vn -0.894489 0.000000 0.447091
vn 0.447207 0.000030 -0.894431
vn 0.706985 -0.000012 0.707228
vn -0.707110 0.000024 -0.707103
vn -0.447459 -0.000015 0.894304
vn 0.894427 0.000015 -0.447214
vn 0.707107 -0.000023 0.707107
vn 0.707515 -0.000024 -0.706698
vn 0.894282 -0.000015 0.447504
vn -0.446967 -0.000000 -0.894550
vn -0.707228 0.000035 0.706985
vn 0.707311 -0.000024 -0.706902
vn 0.446968 0.000015 0.894550
vn -0.894427 0.000015 -0.447214
vn -0.707107 0.000047 0.707107
vn -0.894411 -0.000037 -0.447247
vn -0.707046 0.000000 0.707168
vn -0.832006 0.000020 -0.554767
vn -0.707046 0.000096 0.707168
vn 0.000013 -0.000023 -1.000000
vn 0.000172 0.000407 1.000000
vn 0.371395 -0.000008 -0.928475
vn 0.800037 0.000000 0.599950
vn 0.894432 0.000000 -0.447203
vn 0.447337 0.000182 0.894366
vn -1.000000 -0.000012 -0.000056
vn -1.000000 0.000012 -0.000014
vn -1.000000 0.000059 0.000072
vn -1.000000 -0.000028 0.000048
vn -1.000000 -0.000005 0.000014
vn -1.000000 0.000005 0.000020
vn -1.000000 0.000000 0.000000
vn -1.000000 0.000000 0.000000
vn -1.000000 0.000000 0.000000
vn -1.000000 0.000000 0.000000
vn -0.578825 0.008514 0.815407
vn 0.331163 0.009979 0.943521
vn -0.666177 0.710008 0.228247
vn 0.667785 0.703653 -0.242767
vn -0.667686 -0.703756 0.242740
vn 0.666353 -0.709845 -0.228241
vn -0.330683 -0.009939 -0.943690
vn 0.579419 -0.008623 -0.814985
vn -0.579356 -0.814905 0.016640
vn 0.330291 -0.943674 0.019661
vn -0.666184 -0.221032 0.712280
vn 0.668048 0.250086 0.700835
vn -0.668038 -0.249803 -0.700945
vn 0.666577 0.220964 -0.711934
vn -0.329806 0.943842 -0.019753
vn 0.579509 0.814784 -0.017204
vn 0.707107 -0.000077 -0.707107
vn 0.707154 -0.000154 0.707059
vn -0.707019 0.000848 0.707194
vn -0.707093 0.000077 -0.707120
vn -1.000000 0.000273 -0.000039
vn -1.000000 0.000000 0.000000
vn -0.948683 0.316228 0.000000
vn 1.000000 0.000000 0.000000
vn 0.707107 0.707107 0.000000
vn -0.894427 -0.000021 0.447214
vn 0.832050 -0.000027 0.554700
vn 0.577350 0.577350 0.577350
vn 0.000000 0.707107 0.707107
vn -0.333340 0.666649 0.666681
vn -0.577359 0.577332 0.577359
vn 0.000000 0.707107 0.707107
vn -0.333333 0.666667 0.666667
vn -0.333333 0.666667 0.666667
vn 0.577350 0.577350 0.577350
vn 0.333333 0.666667 0.666667
vn 0.577350 0.577350 0.577350
vn 0.894447 -0.000585 -0.447173
vn 0.447399 0.000731 0.894334
vn -0.894432 0.001463 0.447202
vn -0.447193 0.000000 -0.894437
vn -1.000000 0.000218 -0.000115
# num_vertex_normals: 258

vt 0.313597 0.735151
vt 0.643970 0.735155
vt 0.313590 0.998573
vt 0.643970 0.735155
vt 0.643965 0.998576
vt 0.313590 0.998573
vt 0.646370 0.999545
vt 0.315997 0.999545
vt 0.646365 0.735927
vt 0.315997 0.999545
vt 0.315990 0.735927
vt 0.646365 0.735927
vt 0.643970 0.735375
vt 0.313597 0.735375
vt 0.643965 0.998714
vt 0.313597 0.735375
vt 0.313590 0.998710
vt 0.643965 0.998714
vt 0.313942 0.998375
vt 0.644314 0.998375
vt 0.313935 0.735444
vt 0.644314 0.998375
vt 0.644310 0.735444
vt 0.313935 0.735444
vt 0.645827 0.747788
vt 0.647331 0.997728
vt 0.636346 0.748551
vt 0.647331 0.997728
vt 0.635161 0.998520
vt 0.636346 0.748551
vt 0.313526 0.998313
vt 0.314360 0.752353
vt 0.325796 0.998726
vt 0.314360 0.752353
vt 0.323918 0.750026
vt 0.325796 0.998726
vt 0.645346 0.749396
vt 0.315457 0.750017
vt 0.645346 0.735107
vt 0.315457 0.750017
vt 0.315457 0.735728
vt 0.645346 0.735107
vt 0.314883 0.997771
vt 0.314956 0.748907
vt 0.324103 0.998731
vt 0.314956 0.748907
vt 0.323753 0.749831
vt 0.324103 0.998731
vt 0.644458 0.748901
vt 0.314516 0.750143
vt 0.644458 0.735044
vt 0.314516 0.750143
vt 0.314516 0.736286
vt 0.644458 0.735044
vt 0.645744 0.747994
vt 0.644965 0.998413
vt 0.634742 0.749341
vt 0.644965 0.998413
vt 0.635076 0.999456
vt 0.634742 0.749341
vt 0.644775 0.997967
vt 0.644799 0.997967
vt 0.644775 0.736098
vt 0.644799 0.997967
vt 0.644799 0.736101
vt 0.644775 0.736098
vt 0.313089 0.999429
vt 0.313089 0.736559
vt 0.313096 0.999429
vt 0.313089 0.736559
vt 0.313099 0.736562
vt 0.313096 0.999429
vt 0.644775 0.997967
vt 0.314412 0.997967
vt 0.644799 0.997967
vt 0.314412 0.997967
vt 0.314419 0.997967
vt 0.644799 0.997967
vt 0.644452 0.736559
vt 0.644476 0.736562
vt 0.313089 0.736559
vt 0.644476 0.736562
vt 0.313099 0.736562
vt 0.313089 0.736559
vt 0.644799 0.997967
vt 0.314419 0.997967
vt 0.644799 0.736101
vt 0.314419 0.997967
vt 0.314422 0.736101
vt 0.644799 0.736101
vt 0.644775 0.997967
vt 0.644775 0.736098
vt 0.314412 0.997967
vt 0.644775 0.736098
vt 0.314412 0.736098
vt 0.314412 0.997967
vt 0.818011 0.489826
vt 0.931693 0.489826
vt 0.818011 0.732635
vt 0.931693 0.489826
vt 0.931693 0.732635
vt 0.818011 0.732635
vt 0.463299 0.685292
vt 0.463299 0.699752
vt 0.748195 0.685292
vt 0.463299 0.699752
vt 0.748195 0.699752
vt 0.748195 0.685292
vt 0.463299 0.685292
vt 0.748195 0.685292
vt 0.463299 0.699752
vt 0.748195 0.685292
vt 0.748195 0.699752
vt 0.463299 0.699752
vt 0.460773 0.719202
vt 0.460773 0.702932
vt 0.614981 0.719202
vt 0.460773 0.702932
vt 0.614981 0.702932
vt 0.614981 0.719202
vt 0.749216 0.481267
vt 0.749216 0.579664
vt 0.749216 0.481241
vt 0.749216 0.579664
vt 0.749216 0.579637
vt 0.749216 0.481241
vt 0.825648 0.482059
vt 0.825648 0.482032
vt 0.825648 0.580455
vt 0.825648 0.482032
vt 0.825648 0.580429
vt 0.825648 0.580455
vt 0.749216 0.481267
vt 0.825648 0.481257
vt 0.749216 0.579664
vt 0.825648 0.481257
vt 0.825648 0.579654
vt 0.749216 0.579664
vt 0.749216 0.481241
vt 0.749216 0.579637
vt 0.825648 0.481230
vt 0.749216 0.579637
vt 0.825648 0.579627
vt 0.825648 0.481230
vt 0.749216 0.579664
vt 0.825648 0.579654
vt 0.749216 0.579637
vt 0.825648 0.579654
vt 0.825648 0.579627
vt 0.749216 0.579637
vt 0.749216 0.482069
vt 0.749216 0.482042
vt 0.825648 0.482059
vt 0.749216 0.482042
vt 0.825648 0.482032
vt 0.825648 0.482059
vt 0.749216 0.481267
vt 0.749216 0.579664
vt 0.749216 0.481241
vt 0.749216 0.579664
vt 0.749216 0.579637
vt 0.749216 0.481241
vt 0.825648 0.482059
vt 0.825648 0.482032
vt 0.825648 0.580455
vt 0.825648 0.482032
vt 0.825648 0.580429
vt 0.825648 0.580455
vt 0.749216 0.481267
vt 0.825648 0.481257
vt 0.749216 0.579664
vt 0.825648 0.481257
vt 0.825648 0.579654
vt 0.749216 0.579664
vt 0.749216 0.481241
vt 0.749216 0.579637
vt 0.825648 0.481230
vt 0.749216 0.579637
vt 0.825648 0.579627
vt 0.825648 0.481230
vt 0.749216 0.579664
vt 0.825648 0.579654
vt 0.749216 0.579637
vt 0.825648 0.579654
vt 0.825648 0.579627
vt 0.749216 0.579637
vt 0.749216 0.482069
vt 0.749216 0.482042
vt 0.825648 0.482059
vt 0.749216 0.482042
vt 0.825648 0.482032
vt 0.825648 0.482059
vt 0.749216 0.481267
vt 0.749216 0.579664
vt 0.749216 0.481241
vt 0.749216 0.579664
vt 0.749216 0.579637
vt 0.749216 0.481241
vt 0.825648 0.482059
vt 0.825648 0.482032
vt 0.825648 0.580455
vt 0.825648 0.482032
vt 0.825648 0.580429
vt 0.825648 0.580455
vt 0.749216 0.481267
vt 0.825648 0.481257
vt 0.749216 0.579664
vt 0.825648 0.481257
vt 0.825648 0.579654
vt 0.749216 0.579664
vt 0.749216 0.481241
vt 0.749216 0.579637
vt 0.825648 0.481230
vt 0.749216 0.579637
vt 0.825648 0.579627
vt 0.825648 0.481230
vt 0.749216 0.579664
vt 0.825648 0.579654
vt 0.749216 0.579637
vt 0.825648 0.579654
vt 0.825648 0.579627
vt 0.749216 0.579637
vt 0.749216 0.482069
vt 0.749216 0.482042
vt 0.825648 0.482059
vt 0.749216 0.482042
vt 0.825648 0.482032
vt 0.825648 0.482059
vt 0.749216 0.481267
vt 0.749216 0.579664
vt 0.749216 0.481241
vt 0.749216 0.579664
vt 0.749216 0.579637
vt 0.749216 0.481241
vt 0.825648 0.482059
vt 0.825648 0.482032
vt 0.825648 0.580455
vt 0.825648 0.482032
vt 0.825648 0.580429
vt 0.825648 0.580455
vt 0.749216 0.481267
vt 0.825648 0.481257
vt 0.749216 0.579664
vt 0.825648 0.481257
vt 0.825648 0.579654
vt 0.749216 0.579664
vt 0.749216 0.481241
vt 0.749216 0.579637
vt 0.825648 0.481230
vt 0.749216 0.579637
vt 0.825648 0.579627
vt 0.825648 0.481230
vt 0.749216 0.579664
vt 0.825648 0.579654
vt 0.749216 0.579637
vt 0.825648 0.579654
vt 0.825648 0.579627
vt 0.749216 0.579637
vt 0.749216 0.482069
vt 0.749216 0.482042
vt 0.825648 0.482059
vt 0.749216 0.482042
vt 0.825648 0.482032
vt 0.825648 0.482059
vt 0.614778 0.703116
vt 0.747263 0.703116
vt 0.614778 0.719531
vt 0.747263 0.703116
vt 0.747263 0.719531
vt 0.614778 0.719531
vt 0.320667 0.704703
vt 0.320463 0.731747
vt 0.694086 0.704722
vt 0.320463 0.731747
vt 0.693886 0.731764
vt 0.694086 0.704722
vt 0.320667 0.704703
vt 0.694086 0.704722
vt 0.320463 0.731747
vt 0.694086 0.704722
vt 0.693886 0.731764
vt 0.320463 0.731747
vt 0.321432 0.705470
vt 0.694182 0.705470
vt 0.321432 0.730769
vt 0.694182 0.705470
vt 0.694182 0.730769
vt 0.321432 0.730769
vt 0.321432 0.705487
vt 0.321432 0.730786
vt 0.694182 0.705487
vt 0.321432 0.730786
vt 0.694182 0.730786
vt 0.694182 0.705487
vt 0.320044 0.730692
vt 0.691921 0.730692
vt 0.320044 0.705392
vt 0.691921 0.730692
vt 0.691921 0.705392
vt 0.320044 0.705392
vt 0.320044 0.730677
vt 0.320044 0.705377
vt 0.691921 0.730677
vt 0.320044 0.705377
vt 0.691921 0.705377
vt 0.691921 0.730677
vt 0.320667 0.704703
vt 0.320463 0.731747
vt 0.694086 0.704722
vt 0.320463 0.731747
vt 0.693886 0.731764
vt 0.694086 0.704722
vt 0.320667 0.704703
vt 0.694086 0.704722
vt 0.320463 0.731747
vt 0.694086 0.704722
vt 0.693886 0.731764
vt 0.320463 0.731747
vt 0.321432 0.705470
vt 0.694182 0.705470
vt 0.321432 0.730769
vt 0.694182 0.705470
vt 0.694182 0.730769
vt 0.321432 0.730769
vt 0.321432 0.705487
vt 0.321432 0.730786
vt 0.694182 0.705487
vt 0.321432 0.730786
vt 0.694182 0.730786
vt 0.694182 0.705487
vt 0.320044 0.730692
vt 0.691921 0.730692
vt 0.320044 0.705392
vt 0.691921 0.730692
vt 0.691921 0.705392
vt 0.320044 0.705392
vt 0.320044 0.730677
vt 0.320044 0.705377
vt 0.691921 0.730677
vt 0.320044 0.705377
vt 0.691921 0.705377
vt 0.691921 0.730677
vt 0.320667 0.704703
vt 0.320463 0.731747
vt 0.694086 0.704722
vt 0.320463 0.731747
vt 0.693886 0.731764
vt 0.694086 0.704722
vt 0.320667 0.704703
vt 0.694086 0.704722
vt 0.320463 0.731747
vt 0.694086 0.704722
vt 0.693886 0.731764
vt 0.320463 0.731747
vt 0.321432 0.705470
vt 0.694182 0.705470
vt 0.321432 0.730769
vt 0.694182 0.705470
vt 0.694182 0.730769
vt 0.321432 0.730769
vt 0.321432 0.705487
vt 0.321432 0.730786
vt 0.694182 0.705487
vt 0.321432 0.730786
vt 0.694182 0.730786
vt 0.694182 0.705487
vt 0.320044 0.730692
vt 0.691921 0.730692
vt 0.320044 0.705392
vt 0.691921 0.730692
vt 0.691921 0.705392
vt 0.320044 0.705392
vt 0.320044 0.730677
vt 0.320044 0.705377
vt 0.691921 0.730677
vt 0.320044 0.705377
vt 0.691921 0.705377
vt 0.691921 0.730677
vt 0.320667 0.704703
vt 0.320463 0.731747
vt 0.694086 0.704722
vt 0.320463 0.731747
vt 0.693886 0.731764
vt 0.694086 0.704722
vt 0.320667 0.704703
vt 0.694086 0.704722
vt 0.320463 0.731747
vt 0.694086 0.704722
vt 0.693886 0.731764
vt 0.320463 0.731747
vt 0.321432 0.705470
vt 0.694182 0.705470
vt 0.321432 0.730769
vt 0.694182 0.705470
vt 0.694182 0.730769
vt 0.321432 0.730769
vt 0.321432 0.705487
vt 0.321432 0.730786
vt 0.694182 0.705487
vt 0.321432 0.730786
vt 0.694182 0.730786
vt 0.694182 0.705487
vt 0.320044 0.730692
vt 0.691921 0.730692
vt 0.320044 0.705392
vt 0.691921 0.730692
vt 0.691921 0.705392
vt 0.320044 0.705392
vt 0.320044 0.730677
vt 0.320044 0.705377
vt 0.691921 0.730677
vt 0.320044 0.705377
vt 0.691921 0.705377
vt 0.691921 0.730677
vt 0.320667 0.704703
vt 0.320463 0.731747
vt 0.694086 0.704722
vt 0.320463 0.731747
vt 0.693886 0.731764
vt 0.694086 0.704722
vt 0.320667 0.704703
vt 0.694086 0.704722
vt 0.320463 0.731747
vt 0.694086 0.704722
vt 0.693886 0.731764
vt 0.320463 0.731747
vt 0.321432 0.705470
vt 0.694182 0.705470
vt 0.321432 0.730769
vt 0.694182 0.705470
vt 0.694182 0.730769
vt 0.321432 0.730769
vt 0.321432 0.705487
vt 0.321432 0.730786
vt 0.694182 0.705487
vt 0.321432 0.730786
vt 0.694182 0.730786
vt 0.694182 0.705487
vt 0.320044 0.730692
vt 0.691921 0.730692
vt 0.320044 0.705392
vt 0.691921 0.730692
vt 0.691921 0.705392
vt 0.320044 0.705392
vt 0.320044 0.730677
vt 0.320044 0.705377
vt 0.691921 0.730677
vt 0.320044 0.705377
vt 0.691921 0.705377
vt 0.691921 0.730677
vt 0.320667 0.704703
vt 0.320463 0.731747
vt 0.694086 0.704722
vt 0.320463 0.731747
vt 0.693886 0.731764
vt 0.694086 0.704722
vt 0.320667 0.704703
vt 0.694086 0.704722
vt 0.320463 0.731747
vt 0.694086 0.704722
vt 0.693886 0.731764
vt 0.320463 0.731747
vt 0.321432 0.705470
vt 0.694182 0.705470
vt 0.321432 0.730769
vt 0.694182 0.705470
vt 0.694182 0.730769
vt 0.321432 0.730769
vt 0.321432 0.705487
vt 0.321432 0.730786
vt 0.694182 0.705487
vt 0.321432 0.730786
vt 0.694182 0.730786
vt 0.694182 0.705487
vt 0.320044 0.730692
vt 0.691921 0.730692
vt 0.320044 0.705392
vt 0.691921 0.730692
vt 0.691921 0.705392
vt 0.320044 0.705392
vt 0.320044 0.730677
vt 0.320044 0.705377
vt 0.691921 0.730677
vt 0.320044 0.705377
vt 0.691921 0.705377
vt 0.691921 0.730677
vt 0.320667 0.704703
vt 0.320463 0.731747
vt 0.694086 0.704722
vt 0.320463 0.731747
vt 0.693886 0.731764
vt 0.694086 0.704722
vt 0.320667 0.704703
vt 0.694086 0.704722
vt 0.320463 0.731747
vt 0.694086 0.704722
vt 0.693886 0.731764
vt 0.320463 0.731747
vt 0.321432 0.705470
vt 0.694182 0.705470
vt 0.321432 0.730769
vt 0.694182 0.705470
vt 0.694182 0.730769
vt 0.321432 0.730769
vt 0.321432 0.705487
vt 0.321432 0.730786
vt 0.694182 0.705487
vt 0.321432 0.730786
vt 0.694182 0.730786
vt 0.694182 0.705487
vt 0.320044 0.730692
vt 0.691921 0.730692
vt 0.320044 0.705392
vt 0.691921 0.730692
vt 0.691921 0.705392
vt 0.320044 0.705392
vt 0.320044 0.730677
vt 0.320044 0.705377
vt 0.691921 0.730677
vt 0.320044 0.705377
vt 0.691921 0.705377
vt 0.691921 0.730677
vt 0.320667 0.704703
vt 0.320463 0.731747
vt 0.694086 0.704722
vt 0.320463 0.731747
vt 0.693886 0.731764
vt 0.694086 0.704722
vt 0.320667 0.704703
vt 0.694086 0.704722
vt 0.320463 0.731747
vt 0.694086 0.704722
vt 0.693886 0.731764
vt 0.320463 0.731747
vt 0.321432 0.705470
vt 0.694182 0.705470
vt 0.321432 0.730769
vt 0.694182 0.705470
vt 0.694182 0.730769
vt 0.321432 0.730769
vt 0.321432 0.705487
vt 0.321432 0.730786
vt 0.694182 0.705487
vt 0.321432 0.730786
vt 0.694182 0.730786
vt 0.694182 0.705487
vt 0.320044 0.730692
vt 0.691921 0.730692
vt 0.320044 0.705392
vt 0.691921 0.730692
vt 0.691921 0.705392
vt 0.320044 0.705392
vt 0.320044 0.730677
vt 0.320044 0.705377
vt 0.691921 0.730677
vt 0.320044 0.705377
vt 0.691921 0.705377
vt 0.691921 0.730677
vt 0.320357 0.704902
vt 0.320357 0.731883
vt 0.693099 0.704902
vt 0.320357 0.731883
vt 0.693099 0.731883
vt 0.693099 0.704902
vt 0.320349 0.704822
vt 0.693099 0.704822
vt 0.320349 0.731806
vt 0.693099 0.704822
vt 0.693099 0.731806
vt 0.320349 0.731806
vt 0.320543 0.704593
vt 0.320533 0.704456
vt 0.320543 0.730638
vt 0.320533 0.704456
vt 0.320533 0.730505
vt 0.320543 0.730638
vt 0.693099 0.704902
vt 0.693099 0.731883
vt 0.693099 0.704822
vt 0.693099 0.731883
vt 0.693099 0.731806
vt 0.693099 0.704822
vt 0.319929 0.730801
vt 0.319925 0.706496
vt 0.693698 0.730801
vt 0.319925 0.706496
vt 0.693690 0.706496
vt 0.693698 0.730801
vt 0.319929 0.730801
vt 0.693698 0.730801
vt 0.319925 0.706496
vt 0.693698 0.730801
vt 0.693690 0.706496
vt 0.319925 0.706496
vt 0.321423 0.706605
vt 0.693611 0.706605
vt 0.321423 0.729326
vt 0.693611 0.706605
vt 0.693611 0.729326
vt 0.321423 0.729326
vt 0.321423 0.706605
vt 0.321423 0.729326
vt 0.693611 0.706605
vt 0.321423 0.729326
vt 0.693611 0.729326
vt 0.693611 0.706605
vt 0.320986 0.703740
vt 0.693171 0.703740
vt 0.320986 0.729629
vt 0.693171 0.703740
vt 0.693175 0.729629
vt 0.320986 0.729629
vt 0.320986 0.703740
vt 0.320986 0.729629
vt 0.693171 0.703740
vt 0.320986 0.729629
vt 0.693175 0.729629
vt 0.693171 0.703740
vt 0.320357 0.704902
vt 0.320357 0.731883
vt 0.693099 0.704902
vt 0.320357 0.731883
vt 0.693099 0.731883
vt 0.693099 0.704902
vt 0.320349 0.704822
vt 0.693099 0.704822
vt 0.320349 0.731806
vt 0.693099 0.704822
vt 0.693099 0.731806
vt 0.320349 0.731806
vt 0.320543 0.704593
vt 0.320533 0.704456
vt 0.320543 0.730638
vt 0.320533 0.704456
vt 0.320533 0.730505
vt 0.320543 0.730638
vt 0.693099 0.704902
vt 0.693099 0.731883
vt 0.693099 0.704822
vt 0.693099 0.731883
vt 0.693099 0.731806
vt 0.693099 0.704822
vt 0.319929 0.730801
vt 0.319925 0.706496
vt 0.693698 0.730801
vt 0.319925 0.706496
vt 0.693690 0.706496
vt 0.693698 0.730801
vt 0.319929 0.730801
vt 0.693698 0.730801
vt 0.319925 0.706496
vt 0.693698 0.730801
vt 0.693690 0.706496
vt 0.319925 0.706496
vt 0.320357 0.704902
vt 0.320357 0.731883
vt 0.693099 0.704902
vt 0.320357 0.731883
vt 0.693099 0.731883
vt 0.693099 0.704902
vt 0.320349 0.704822
vt 0.693099 0.704822
vt 0.320349 0.731806
vt 0.693099 0.704822
vt 0.693099 0.731806
vt 0.320349 0.731806
vt 0.320543 0.704593
vt 0.320533 0.704456
vt 0.320543 0.730638
vt 0.320533 0.704456
vt 0.320533 0.730505
vt 0.320543 0.730638
vt 0.693099 0.704902
vt 0.693099 0.731883
vt 0.693099 0.704822
vt 0.693099 0.731883
vt 0.693099 0.731806
vt 0.693099 0.704822
vt 0.319929 0.730801
vt 0.319925 0.706496
vt 0.693698 0.730801
vt 0.319925 0.706496
vt 0.693690 0.706496
vt 0.693698 0.730801
vt 0.319929 0.730801
vt 0.693698 0.730801
vt 0.319925 0.706496
vt 0.693698 0.730801
vt 0.693690 0.706496
vt 0.319925 0.706496
vt 0.320357 0.704902
vt 0.320357 0.731883
vt 0.693099 0.704902
vt 0.320357 0.731883
vt 0.693099 0.731883
vt 0.693099 0.704902
vt 0.320349 0.704822
vt 0.693099 0.704822
vt 0.320349 0.731806
vt 0.693099 0.704822
vt 0.693099 0.731806
vt 0.320349 0.731806
vt 0.320543 0.704593
vt 0.320533 0.704456
vt 0.320543 0.730638
vt 0.320533 0.704456
vt 0.320533 0.730505
vt 0.320543 0.730638
vt 0.693099 0.704902
vt 0.693099 0.731883
vt 0.693099 0.704822
vt 0.693099 0.731883
vt 0.693099 0.731806
vt 0.693099 0.704822
vt 0.319929 0.730801
vt 0.319925 0.706496
vt 0.693698 0.730801
vt 0.319925 0.706496
vt 0.693690 0.706496
vt 0.693698 0.730801
vt 0.319929 0.730801
vt 0.693698 0.730801
vt 0.319925 0.706496
vt 0.693698 0.730801
vt 0.693690 0.706496
vt 0.319925 0.706496
vt 0.320357 0.704902
vt 0.320357 0.731883
vt 0.693099 0.704902
vt 0.320357 0.731883
vt 0.693099 0.731883
vt 0.693099 0.704902
vt 0.320349 0.704822
vt 0.693099 0.704822
vt 0.320349 0.731806
vt 0.693099 0.704822
vt 0.693099 0.731806
vt 0.320349 0.731806
vt 0.320543 0.704593
vt 0.320533 0.704456
vt 0.320543 0.730638
vt 0.320533 0.704456
vt 0.320533 0.730505
vt 0.320543 0.730638
vt 0.693099 0.704902
vt 0.693099 0.731883
vt 0.693099 0.704822
vt 0.693099 0.731883
vt 0.693099 0.731806
vt 0.693099 0.704822
vt 0.319929 0.730801
vt 0.319925 0.706496
vt 0.693698 0.730801
vt 0.319925 0.706496
vt 0.693690 0.706496
vt 0.693698 0.730801
vt 0.319929 0.730801
vt 0.693698 0.730801
vt 0.319925 0.706496
vt 0.693698 0.730801
vt 0.693690 0.706496
vt 0.319925 0.706496
vt 0.693611 0.729326
vt 0.693611 0.706605
vt 0.321423 0.729326
vt 0.693611 0.706605
vt 0.321423 0.706605
vt 0.321423 0.729326
vt 0.693611 0.729326
vt 0.321423 0.729326
vt 0.693611 0.706605
vt 0.321423 0.729326
vt 0.321423 0.706605
vt 0.693611 0.706605
vt 0.693175 0.729629
vt 0.693171 0.703740
vt 0.320986 0.729629
vt 0.693171 0.703740
vt 0.320986 0.703740
vt 0.320986 0.729629
vt 0.693175 0.729629
vt 0.320986 0.729629
vt 0.693171 0.703740
vt 0.320986 0.729629
vt 0.320986 0.703740
vt 0.693171 0.703740
vt 0.693611 0.729326
vt 0.693611 0.706605
vt 0.321423 0.729326
vt 0.693611 0.706605
vt 0.321423 0.706605
vt 0.321423 0.729326
vt 0.693611 0.729326
vt 0.321423 0.729326
vt 0.693611 0.706605
vt 0.321423 0.729326
vt 0.321423 0.706605
vt 0.693611 0.706605
vt 0.693175 0.729629
vt 0.693171 0.703740
vt 0.320986 0.729629
vt 0.693171 0.703740
vt 0.320986 0.703740
vt 0.320986 0.729629
vt 0.693175 0.729629
vt 0.320986 0.729629
vt 0.693171 0.703740
vt 0.320986 0.729629
vt 0.320986 0.703740
vt 0.693171 0.703740
vt 0.321423 0.706605
vt 0.693611 0.706605
vt 0.321423 0.729326
vt 0.693611 0.706605
vt 0.693611 0.729326
vt 0.321423 0.729326
vt 0.321423 0.706605
vt 0.321423 0.729326
vt 0.693611 0.706605
vt 0.321423 0.729326
vt 0.693611 0.729326
vt 0.693611 0.706605
vt 0.320986 0.703740
vt 0.693171 0.703740
vt 0.320986 0.729629
vt 0.693171 0.703740
vt 0.693175 0.729629
vt 0.320986 0.729629
vt 0.320986 0.703740
vt 0.320986 0.729629
vt 0.693171 0.703740
vt 0.320986 0.729629
vt 0.693175 0.729629
vt 0.693171 0.703740
vt 0.744275 0.349348
vt 0.744275 0.620524
vt 0.317945 0.349388
vt 0.744275 0.620524
vt 0.317945 0.620562
vt 0.317945 0.349388
vt -0.001831 0.346412
vt 0.317811 0.346412
vt -0.001831 0.622694
vt 0.317811 0.346412
vt 0.317811 0.622694
vt -0.001831 0.622694
vt -0.001831 0.622694
vt 0.317811 0.622694
vt 0.157991 0.735123
vt -0.001831 0.346412
vt -0.001831 0.622694
vt 0.317811 0.346412
vt -0.001831 0.622694
vt 0.157991 0.735123
vt 0.317811 0.346412
vt 0.317811 0.346412
vt 0.157991 0.735123
vt 0.317811 0.622694
vt 0.320780 0.347432
vt 0.530849 0.347432
vt 0.386447 0.416624
vt 0.530849 0.347432
vt 0.470911 0.416624
vt 0.386447 0.416624
vt 0.319744 0.349547
vt 0.385628 0.417585
vt 0.319744 0.621483
vt 0.385628 0.417585
vt 0.385623 0.526418
vt 0.319744 0.621483
vt 0.319742 0.621501
vt 0.385932 0.525238
vt 0.531626 0.621501
vt 0.385932 0.525238
vt 0.471330 0.525204
vt 0.531626 0.621501
vt 0.470370 0.417585
vt 0.530506 0.349547
vt 0.470621 0.526385
vt 0.530506 0.349547
vt 0.530634 0.621483
vt 0.470621 0.526385
vt 0.530506 0.349547
vt 0.592288 0.416506
vt 0.530634 0.621483
vt 0.592288 0.416506
vt 0.592288 0.526635
vt 0.530634 0.621483
vt 0.745120 0.621501
vt 0.531626 0.621501
vt 0.679102 0.525416
vt 0.531626 0.621501
vt 0.593570 0.525458
vt 0.679102 0.525416
vt 0.743720 0.350709
vt 0.743720 0.621480
vt 0.677829 0.416940
vt 0.743720 0.621480
vt 0.677829 0.526813
vt 0.677829 0.416940
vt 0.743362 0.348608
vt 0.677688 0.415962
vt 0.530851 0.348068
vt 0.677688 0.415962
vt 0.592601 0.416004
vt 0.530851 0.348068
vt 0.320357 0.704902
vt 0.320357 0.731883
vt 0.693099 0.704902
vt 0.320357 0.731883
vt 0.693099 0.731883
vt 0.693099 0.704902
vt 0.320349 0.704822
vt 0.693099 0.704822
vt 0.320349 0.731806
vt 0.693099 0.704822
vt 0.693099 0.731806
vt 0.320349 0.731806
vt 0.320543 0.704593
vt 0.320533 0.704456
vt 0.320543 0.730638
vt 0.320533 0.704456
vt 0.320533 0.730505
vt 0.320543 0.730638
vt 0.693099 0.704902
vt 0.693099 0.731883
vt 0.693099 0.704822
vt 0.693099 0.731883
vt 0.693099 0.731806
vt 0.693099 0.704822
vt 0.319929 0.730801
vt 0.319925 0.706496
vt 0.693698 0.730801
vt 0.319925 0.706496
vt 0.693690 0.706496
vt 0.693698 0.730801
vt 0.319929 0.730801
vt 0.693698 0.730801
vt 0.319925 0.706496
vt 0.693698 0.730801
vt 0.693690 0.706496
vt 0.319925 0.706496
vt 0.320357 0.704902
vt 0.320357 0.731883
vt 0.693099 0.704902
vt 0.320357 0.731883
vt 0.693099 0.731883
vt 0.693099 0.704902
vt 0.320349 0.704822
vt 0.693099 0.704822
vt 0.320349 0.731806
vt 0.693099 0.704822
vt 0.693099 0.731806
vt 0.320349 0.731806
vt 0.320543 0.704593
vt 0.320533 0.704456
vt 0.320543 0.730638
vt 0.320533 0.704456
vt 0.320533 0.730505
vt 0.320543 0.730638
vt 0.693099 0.704902
vt 0.693099 0.731883
vt 0.693099 0.704822
vt 0.693099 0.731883
vt 0.693099 0.731806
vt 0.693099 0.704822
vt 0.319929 0.730801
vt 0.319925 0.706496
vt 0.693698 0.730801
vt 0.319925 0.706496
vt 0.693690 0.706496
vt 0.693698 0.730801
vt 0.319929 0.730801
vt 0.693698 0.730801
vt 0.319925 0.706496
vt 0.693698 0.730801
vt 0.693690 0.706496
vt 0.319925 0.706496
vt 0.746087 0.349114
vt 0.226218 0.347926
vt 0.746087 0.347444
vt 0.226218 0.347926
vt 0.226218 0.346256
vt 0.746087 0.347444
vt 0.317811 0.346412
vt -0.001831 0.346412
vt 0.317811 0.346108
vt -0.001831 0.346412
vt -0.001831 0.346110
vt 0.317811 0.346108
vt -0.001831 0.346412
vt 0.317811 0.346412
vt -0.001831 0.346110
vt 0.317811 0.346412
vt 0.265237 0.346374
vt -0.001831 0.346110
vt 0.743910 0.351026
vt 0.291620 0.343732
vt 0.743910 0.349415
vt 0.291620 0.343732
vt -0.003533 0.344545
vt 0.743910 0.349415
vt 0.744850 0.349519
vt 0.743910 0.351026
vt 0.744850 0.347909
vt 0.743910 0.351026
vt 0.743910 0.349415
vt 0.744850 0.347909
vt 0.350711 0.230090
vt 0.350711 0.186625
vt 0.496323 0.230090
vt 0.350711 0.186625
vt 0.496323 0.186625
vt 0.496323 0.230090
vt 0.351468 0.188134
vt 0.497080 0.188134
vt 0.351468 0.231470
vt 0.497080 0.188134
vt 0.497080 0.231470
vt 0.351468 0.231470
vt 0.350711 0.186625
vt 0.350711 0.143160
vt 0.496323 0.186625
vt 0.350711 0.143160
vt 0.496323 0.143160
vt 0.496323 0.186625
vt 0.350711 0.143160
vt 0.350711 0.099701
vt 0.496323 0.143160
vt 0.350711 0.099701
vt 0.496323 0.099701
vt 0.496323 0.143160
vt 0.351468 0.144798
vt 0.497080 0.144798
vt 0.351468 0.188134
vt 0.497080 0.144798
